15, 15.000000, 1493669634
15, 15.000000, 1493669634
21, 17.000000, 1493669634
21, 17.000000, 1493669634
37, 18.000000, 1493669634
37, 18.000000, 1493669634
49, 19.000000, 1493669634
49, 19.000000, 1493669634
112, 20.000000, 1493669634
112, 20.000000, 1493669634
129, 23.000000, 1493669634
129, 23.000000, 1493669634
132, 24.000000, 1493669634
132, 24.000000, 1493669634
142, 25.000000, 1493669634
142, 25.000000, 1493669634
15, 15.170856, 1493669664
15, 15.170856, 1493669664
21, 17.048314, 1493669664
21, 17.048314, 1493669664
37, 17.864709, 1493669664
37, 17.864709, 1493669664
49, 18.991650, 1493669664
49, 18.991650, 1493669664
112, 19.915624, 1493669664
112, 19.915624, 1493669664
129, 23.161379, 1493669664
129, 23.161379, 1493669664
132, 23.769127, 1493669664
132, 23.769127, 1493669664
142, 25.063402, 1493669664
142, 25.063402, 1493669664
15, 15.193658, 1493669694
15, 15.193658, 1493669694
21, 17.194031, 1493669694
21, 17.194031, 1493669694
37, 17.723967, 1493669694
37, 17.723967, 1493669694
49, 18.757546, 1493669694
49, 18.757546, 1493669694
112, 20.052671, 1493669694
112, 20.052671, 1493669694
129, 23.397679, 1493669694
129, 23.397679, 1493669694
132, 23.642450, 1493669694
132, 23.642450, 1493669694
142, 25.121744, 1493669694
142, 25.121744, 1493669694
15, 15.195252, 1493669724
15, 15.195252, 1493669724
21, 17.252827, 1493669724
21, 17.252827, 1493669724
37, 17.903050, 1493669724
37, 17.903050, 1493669724
49, 18.889916, 1493669724
49, 18.889916, 1493669724
112, 19.893623, 1493669724
112, 19.893623, 1493669724
129, 23.376540, 1493669724
129, 23.376540, 1493669724
132, 23.676384, 1493669724
132, 23.676384, 1493669724
142, 24.951964, 1493669724
142, 24.951964, 1493669724
15, 15.326812, 1493669754
15, 15.326812, 1493669754
21, 17.211060, 1493669754
21, 17.211060, 1493669754
37, 18.118800, 1493669754
37, 18.118800, 1493669754
49, 18.890320, 1493669754
49, 18.890320, 1493669754
112, 19.690514, 1493669754
112, 19.690514, 1493669754
129, 23.313999, 1493669754
129, 23.313999, 1493669754
132, 23.732520, 1493669754
132, 23.732520, 1493669754
142, 24.836866, 1493669754
142, 24.836866, 1493669754
15, 15.256653, 1493669784
15, 15.256653, 1493669784
21, 17.376395, 1493669784
21, 17.376395, 1493669784
37, 18.280629, 1493669784
37, 18.280629, 1493669784
49, 18.661712, 1493669784
49, 18.661712, 1493669784
112, 19.468620, 1493669784
112, 19.468620, 1493669784
129, 23.348643, 1493669784
129, 23.348643, 1493669784
132, 23.975878, 1493669784
132, 23.975878, 1493669784
142, 24.823753, 1493669784
142, 24.823753, 1493669784
15, 15.460232, 1493669814
15, 15.460232, 1493669814
21, 17.559802, 1493669814
21, 17.559802, 1493669814
37, 18.480705, 1493669814
37, 18.480705, 1493669814
49, 18.451189, 1493669814
49, 18.451189, 1493669814
112, 19.678133, 1493669814
112, 19.678133, 1493669814
129, 23.557831, 1493669814
129, 23.557831, 1493669814
132, 23.981933, 1493669814
132, 23.981933, 1493669814
142, 24.910822, 1493669814
142, 24.910822, 1493669814
15, 15.358476, 1493669844
15, 15.358476, 1493669844
21, 17.342234, 1493669844
21, 17.342234, 1493669844
37, 18.528327, 1493669844
37, 18.528327, 1493669844
49, 18.327042, 1493669844
49, 18.327042, 1493669844
112, 19.573964, 1493669844
112, 19.573964, 1493669844
129, 23.510468, 1493669844
129, 23.510468, 1493669844
132, 24.009299, 1493669844
132, 24.009299, 1493669844
142, 25.027374, 1493669844
142, 25.027374, 1493669844
15, 15.398549, 1493669874
15, 15.398549, 1493669874
21, 17.462606, 1493669874
21, 17.462606, 1493669874
37, 18.773212, 1493669874
37, 18.773212, 1493669874
49, 18.245951, 1493669874
49, 18.245951, 1493669874
112, 19.520203, 1493669874
112, 19.520203, 1493669874
129, 23.619171, 1493669874
129, 23.619171, 1493669874
132, 24.225736, 1493669874
132, 24.225736, 1493669874
142, 25.197112, 1493669874
142, 25.197112, 1493669874
15, 15.224303, 1493669904
15, 15.224303, 1493669904
21, 17.214635, 1493669904
21, 17.214635, 1493669904
37, 18.678812, 1493669904
37, 18.678812, 1493669904
49, 18.094265, 1493669904
49, 18.094265, 1493669904
112, 19.581524, 1493669904
112, 19.581524, 1493669904
129, 23.548404, 1493669904
129, 23.548404, 1493669904
132, 24.334181, 1493669904
132, 24.334181, 1493669904
142, 25.223260, 1493669904
142, 25.223260, 1493669904
15, 15.350249, 1493669934
15, 15.350249, 1493669934
21, 17.099394, 1493669934
21, 17.099394, 1493669934
37, 18.477930, 1493669934
37, 18.477930, 1493669934
49, 18.037067, 1493669934
49, 18.037067, 1493669934
112, 19.431951, 1493669934
112, 19.431951, 1493669934
129, 23.445090, 1493669934
129, 23.445090, 1493669934
132, 24.210823, 1493669934
132, 24.210823, 1493669934
142, 25.125623, 1493669934
142, 25.125623, 1493669934
15, 15.435917, 1493669964
15, 15.435917, 1493669964
21, 16.988604, 1493669964
21, 16.988604, 1493669964
37, 18.597013, 1493669964
37, 18.597013, 1493669964
49, 17.845626, 1493669964
49, 17.845626, 1493669964
112, 19.235168, 1493669964
112, 19.235168, 1493669964
129, 23.674851, 1493669964
129, 23.674851, 1493669964
132, 24.417122, 1493669964
132, 24.417122, 1493669964
142, 24.908590, 1493669964
142, 24.908590, 1493669964
15, 15.560182, 1493669994
15, 15.560182, 1493669994
21, 16.851461, 1493669994
21, 16.851461, 1493669994
37, 18.700590, 1493669994
37, 18.700590, 1493669994
49, 17.863615, 1493669994
49, 17.863615, 1493669994
112, 19.182973, 1493669994
112, 19.182973, 1493669994
129, 23.461025, 1493669994
129, 23.461025, 1493669994
132, 24.360056, 1493669994
132, 24.360056, 1493669994
142, 25.061129, 1493669994
142, 25.061129, 1493669994
15, 15.520565, 1493670024
15, 15.520565, 1493670024
21, 16.825679, 1493670024
21, 16.825679, 1493670024
37, 18.511602, 1493670024
37, 18.511602, 1493670024
49, 17.680688, 1493670024
49, 17.680688, 1493670024
112, 19.272684, 1493670024
112, 19.272684, 1493670024
129, 23.225583, 1493670024
129, 23.225583, 1493670024
132, 24.528077, 1493670024
132, 24.528077, 1493670024
142, 25.000616, 1493670024
142, 25.000616, 1493670024
15, 15.333838, 1493670054
15, 15.333838, 1493670054
21, 16.712188, 1493670054
21, 16.712188, 1493670054
37, 18.334954, 1493670054
37, 18.334954, 1493670054
49, 17.674306, 1493670054
49, 17.674306, 1493670054
112, 19.113552, 1493670054
112, 19.113552, 1493670054
129, 23.411722, 1493670054
129, 23.411722, 1493670054
132, 24.702212, 1493670054
132, 24.702212, 1493670054
142, 24.987561, 1493670054
142, 24.987561, 1493670054
15, 15.494598, 1493670084
15, 15.494598, 1493670084
21, 16.483051, 1493670084
21, 16.483051, 1493670084
37, 18.278554, 1493670084
37, 18.278554, 1493670084
49, 17.622715, 1493670084
49, 17.622715, 1493670084
112, 19.029420, 1493670084
112, 19.029420, 1493670084
129, 23.517701, 1493670084
129, 23.517701, 1493670084
132, 24.910757, 1493670084
132, 24.910757, 1493670084
142, 24.873483, 1493670084
142, 24.873483, 1493670084
15, 15.360920, 1493670114
15, 15.360920, 1493670114
21, 16.254363, 1493670114
21, 16.254363, 1493670114
37, 18.356646, 1493670114
37, 18.356646, 1493670114
49, 17.849315, 1493670114
49, 17.849315, 1493670114
112, 18.923355, 1493670114
112, 18.923355, 1493670114
129, 23.381236, 1493670114
129, 23.381236, 1493670114
132, 24.740056, 1493670114
132, 24.740056, 1493670114
142, 24.915090, 1493670114
142, 24.915090, 1493670114
15, 15.483903, 1493670144
15, 15.483903, 1493670144
21, 16.030783, 1493670144
21, 16.030783, 1493670144
37, 18.302380, 1493670144
37, 18.302380, 1493670144
49, 18.096956, 1493670144
49, 18.096956, 1493670144
112, 18.742702, 1493670144
112, 18.742702, 1493670144
129, 23.313937, 1493670144
129, 23.313937, 1493670144
132, 24.511164, 1493670144
132, 24.511164, 1493670144
142, 24.810023, 1493670144
142, 24.810023, 1493670144
15, 15.484030, 1493670174
15, 15.484030, 1493670174
21, 16.016500, 1493670174
21, 16.016500, 1493670174
37, 18.338536, 1493670174
37, 18.338536, 1493670174
49, 18.315575, 1493670174
49, 18.315575, 1493670174
112, 18.883237, 1493670174
112, 18.883237, 1493670174
129, 23.386602, 1493670174
129, 23.386602, 1493670174
132, 24.360829, 1493670174
132, 24.360829, 1493670174
142, 24.598458, 1493670174
142, 24.598458, 1493670174
15, 15.404830, 1493670204
15, 15.404830, 1493670204
21, 16.049566, 1493670204
21, 16.049566, 1493670204
37, 18.185163, 1493670204
37, 18.185163, 1493670204
49, 18.543677, 1493670204
49, 18.543677, 1493670204
112, 18.951847, 1493670204
112, 18.951847, 1493670204
129, 23.399216, 1493670204
129, 23.399216, 1493670204
132, 24.503342, 1493670204
132, 24.503342, 1493670204
142, 24.646431, 1493670204
142, 24.646431, 1493670204
15, 15.546562, 1493670234
15, 15.546562, 1493670234
21, 15.893151, 1493670234
21, 15.893151, 1493670234
37, 18.048811, 1493670234
37, 18.048811, 1493670234
49, 18.339081, 1493670234
49, 18.339081, 1493670234
112, 18.921605, 1493670234
112, 18.921605, 1493670234
129, 23.224912, 1493670234
129, 23.224912, 1493670234
132, 24.475510, 1493670234
132, 24.475510, 1493670234
142, 24.596406, 1493670234
142, 24.596406, 1493670234
15, 15.302614, 1493670264
15, 15.302614, 1493670264
21, 15.849112, 1493670264
21, 15.849112, 1493670264
37, 18.068058, 1493670264
37, 18.068058, 1493670264
49, 18.532707, 1493670264
49, 18.532707, 1493670264
112, 18.814419, 1493670264
112, 18.814419, 1493670264
129, 23.185570, 1493670264
129, 23.185570, 1493670264
132, 24.558454, 1493670264
132, 24.558454, 1493670264
142, 24.454105, 1493670264
142, 24.454105, 1493670264
15, 15.192170, 1493670294
15, 15.192170, 1493670294
21, 16.086913, 1493670294
21, 16.086913, 1493670294
37, 18.012421, 1493670294
37, 18.012421, 1493670294
49, 18.706684, 1493670294
49, 18.706684, 1493670294
112, 18.587614, 1493670294
112, 18.587614, 1493670294
129, 23.288710, 1493670294
129, 23.288710, 1493670294
132, 24.405203, 1493670294
132, 24.405203, 1493670294
142, 24.393451, 1493670294
142, 24.393451, 1493670294
15, 15.307530, 1493670324
15, 15.307530, 1493670324
21, 15.844945, 1493670324
21, 15.844945, 1493670324
37, 17.774447, 1493670324
37, 17.774447, 1493670324
49, 18.500158, 1493670324
49, 18.500158, 1493670324
112, 18.835097, 1493670324
112, 18.835097, 1493670324
129, 23.421624, 1493670324
129, 23.421624, 1493670324
132, 24.260311, 1493670324
132, 24.260311, 1493670324
142, 24.419364, 1493670324
142, 24.419364, 1493670324
15, 15.476483, 1493670354
15, 15.476483, 1493670354
21, 15.902451, 1493670354
21, 15.902451, 1493670354
37, 17.686097, 1493670354
37, 17.686097, 1493670354
49, 18.388733, 1493670354
49, 18.388733, 1493670354
112, 18.694236, 1493670354
112, 18.694236, 1493670354
129, 23.349766, 1493670354
129, 23.349766, 1493670354
132, 24.115076, 1493670354
132, 24.115076, 1493670354
142, 24.246666, 1493670354
142, 24.246666, 1493670354
15, 15.282356, 1493670384
15, 15.282356, 1493670384
21, 16.078995, 1493670384
21, 16.078995, 1493670384
37, 17.758474, 1493670384
37, 17.758474, 1493670384
49, 18.231898, 1493670384
49, 18.231898, 1493670384
112, 18.929357, 1493670384
112, 18.929357, 1493670384
129, 23.493054, 1493670384
129, 23.493054, 1493670384
132, 24.277531, 1493670384
132, 24.277531, 1493670384
142, 24.148152, 1493670384
142, 24.148152, 1493670384
15, 15.389983, 1493670414
15, 15.389983, 1493670414
21, 16.135525, 1493670414
21, 16.135525, 1493670414
37, 17.916680, 1493670414
37, 17.916680, 1493670414
49, 18.402839, 1493670414
49, 18.402839, 1493670414
112, 18.995006, 1493670414
112, 18.995006, 1493670414
129, 23.346439, 1493670414
129, 23.346439, 1493670414
132, 24.228259, 1493670414
132, 24.228259, 1493670414
142, 24.111539, 1493670414
142, 24.111539, 1493670414
15, 15.597957, 1493670444
15, 15.597957, 1493670444
21, 15.967072, 1493670444
21, 15.967072, 1493670444
37, 18.007215, 1493670444
37, 18.007215, 1493670444
49, 18.472261, 1493670444
49, 18.472261, 1493670444
112, 18.919911, 1493670444
112, 18.919911, 1493670444
129, 23.460547, 1493670444
129, 23.460547, 1493670444
132, 24.359528, 1493670444
132, 24.359528, 1493670444
142, 23.939260, 1493670444
142, 23.939260, 1493670444
15, 15.379292, 1493670474
15, 15.379292, 1493670474
21, 16.032684, 1493670474
21, 16.032684, 1493670474
37, 18.122045, 1493670474
37, 18.122045, 1493670474
49, 18.477959, 1493670474
49, 18.477959, 1493670474
112, 19.049068, 1493670474
112, 19.049068, 1493670474
129, 23.495019, 1493670474
129, 23.495019, 1493670474
132, 24.334192, 1493670474
132, 24.334192, 1493670474
142, 23.942368, 1493670474
142, 23.942368, 1493670474
15, 15.587107, 1493670504
15, 15.587107, 1493670504
21, 16.203942, 1493670504
21, 16.203942, 1493670504
37, 17.939261, 1493670504
37, 17.939261, 1493670504
49, 18.540355, 1493670504
49, 18.540355, 1493670504
112, 18.989672, 1493670504
112, 18.989672, 1493670504
129, 23.391988, 1493670504
129, 23.391988, 1493670504
132, 24.430552, 1493670504
132, 24.430552, 1493670504
142, 24.135966, 1493670504
142, 24.135966, 1493670504
15, 15.692346, 1493670534
15, 15.692346, 1493670534
21, 16.269912, 1493670534
21, 16.269912, 1493670534
37, 18.153402, 1493670534
37, 18.153402, 1493670534
49, 18.746868, 1493670534
49, 18.746868, 1493670534
112, 18.979892, 1493670534
112, 18.979892, 1493670534
129, 23.580549, 1493670534
129, 23.580549, 1493670534
132, 24.437902, 1493670534
132, 24.437902, 1493670534
142, 24.354082, 1493670534
142, 24.354082, 1493670534
15, 15.589931, 1493670564
15, 15.589931, 1493670564
21, 16.354381, 1493670564
21, 16.354381, 1493670564
37, 17.987045, 1493670564
37, 17.987045, 1493670564
49, 18.590295, 1493670564
49, 18.590295, 1493670564
112, 18.790735, 1493670564
112, 18.790735, 1493670564
129, 23.705704, 1493670564
129, 23.705704, 1493670564
132, 24.513055, 1493670564
132, 24.513055, 1493670564
142, 24.482441, 1493670564
142, 24.482441, 1493670564
15, 15.361247, 1493670594
15, 15.361247, 1493670594
21, 16.121196, 1493670594
21, 16.121196, 1493670594
37, 18.067319, 1493670594
37, 18.067319, 1493670594
49, 18.574026, 1493670594
49, 18.574026, 1493670594
112, 18.633829, 1493670594
112, 18.633829, 1493670594
129, 23.567850, 1493670594
129, 23.567850, 1493670594
132, 24.478743, 1493670594
132, 24.478743, 1493670594
142, 24.573763, 1493670594
142, 24.573763, 1493670594
15, 15.117655, 1493670624
15, 15.117655, 1493670624
21, 16.006253, 1493670624
21, 16.006253, 1493670624
37, 17.944746, 1493670624
37, 17.944746, 1493670624
49, 18.655530, 1493670624
49, 18.655530, 1493670624
112, 18.834705, 1493670624
112, 18.834705, 1493670624
129, 23.651803, 1493670624
129, 23.651803, 1493670624
132, 24.418668, 1493670624
132, 24.418668, 1493670624
142, 24.477660, 1493670624
142, 24.477660, 1493670624
15, 14.874855, 1493670654
15, 14.874855, 1493670654
21, 15.960630, 1493670654
21, 15.960630, 1493670654
37, 18.055323, 1493670654
37, 18.055323, 1493670654
49, 18.754742, 1493670654
49, 18.754742, 1493670654
112, 18.695451, 1493670654
112, 18.695451, 1493670654
129, 23.708558, 1493670654
129, 23.708558, 1493670654
132, 24.179162, 1493670654
132, 24.179162, 1493670654
142, 24.301564, 1493670654
142, 24.301564, 1493670654
15, 15.024594, 1493670684
15, 15.024594, 1493670684
21, 15.959302, 1493670684
21, 15.959302, 1493670684
37, 17.808161, 1493670684
37, 17.808161, 1493670684
49, 18.871378, 1493670684
49, 18.871378, 1493670684
112, 18.465452, 1493670684
112, 18.465452, 1493670684
129, 23.718765, 1493670684
129, 23.718765, 1493670684
132, 24.102114, 1493670684
132, 24.102114, 1493670684
142, 24.535943, 1493670684
142, 24.535943, 1493670684
15, 15.081469, 1493670714
15, 15.081469, 1493670714
21, 15.964324, 1493670714
21, 15.964324, 1493670714
37, 18.048490, 1493670714
37, 18.048490, 1493670714
49, 18.700431, 1493670714
49, 18.700431, 1493670714
112, 18.617401, 1493670714
112, 18.617401, 1493670714
129, 23.605193, 1493670714
129, 23.605193, 1493670714
132, 24.066069, 1493670714
132, 24.066069, 1493670714
142, 24.542116, 1493670714
142, 24.542116, 1493670714
15, 15.191647, 1493670744
15, 15.191647, 1493670744
21, 15.771007, 1493670744
21, 15.771007, 1493670744
37, 18.227445, 1493670744
37, 18.227445, 1493670744
49, 18.773788, 1493670744
49, 18.773788, 1493670744
112, 18.641158, 1493670744
112, 18.641158, 1493670744
129, 23.662616, 1493670744
129, 23.662616, 1493670744
132, 24.280420, 1493670744
132, 24.280420, 1493670744
142, 24.329698, 1493670744
142, 24.329698, 1493670744
15, 15.100212, 1493670774
15, 15.100212, 1493670774
21, 15.851055, 1493670774
21, 15.851055, 1493670774
37, 18.033924, 1493670774
37, 18.033924, 1493670774
49, 18.853692, 1493670774
49, 18.853692, 1493670774
112, 18.773264, 1493670774
112, 18.773264, 1493670774
129, 23.72