15, 15.000000, 1493669634
15, 15.000000, 1493669634
21, 17.000000, 1493669634
21, 17.000000, 1493669634
37, 18.000000, 1493669634
37, 18.000000, 1493669634
49, 19.000000, 1493669634
49, 19.000000, 1493669634
112, 20.000000, 1493669634
112, 20.000000, 1493669634
129, 23.000000, 1493669634
129, 23.000000, 1493669634
132, 24.000000, 1493669634
132, 24.000000, 1493669634
142, 25.000000, 1493669634
142, 25.000000, 1493669634
15, 15.170856, 1493669664
15, 15.170856, 1493669664
21, 17.048314, 1493669664
21, 17.048314, 1493669664
37, 17.864709, 1493669664
37, 17.864709, 1493669664
49, 18.991650, 1493669664
49, 18.991650, 1493669664
112, 19.915624, 1493669664
112, 19.915624, 1493669664
129, 23.161379, 1493669664
129, 23.161379, 1493669664
132, 23.769127, 1493669664
132, 23.769127, 1493669664
142, 25.063402, 1493669664
142, 25.063402, 1493669664
15, 15.193658, 1493669694
15, 15.193658, 1493669694
21, 17.194031, 1493669694
21, 17.194031, 1493669694
37, 17.723967, 1493669694
37, 17.723967, 1493669694
49, 18.757546, 1493669694
49, 18.757546, 1493669694
112, 20.052671, 1493669694
112, 20.052671, 1493669694
129, 23.397679, 1493669694
129, 23.397679, 1493669694
132, 23.642450, 1493669694
132, 23.642450, 1493669694
142, 25.121744, 1493669694
142, 25.121744, 1493669694
15, 15.195252, 1493669724
15, 15.195252, 1493669724
21, 17.252827, 1493669724
21, 17.252827, 1493669724
37, 17.903050, 1493669724
37, 17.903050, 1493669724
49, 18.889916, 1493669724
49, 18.889916, 1493669724
112, 19.893623, 1493669724
112, 19.893623, 1493669724
129, 23.376540, 1493669724
129, 23.376540, 1493669724
132, 23.676384, 1493669724
132, 23.676384, 1493669724
142, 24.951964, 1493669724
142, 24.951964, 1493669724
15, 15.326812, 1493669754
15, 15.326812, 1493669754
21, 17.211060, 1493669754
21, 17.211060, 1493669754
37, 18.118800, 1493669754
37, 18.118800, 1493669754
49, 18.890320, 1493669754
49, 18.890320, 1493669754
112, 19.690514, 1493669754
112, 19.690514, 1493669754
129, 23.313999, 1493669754
129, 23.313999, 1493669754
132, 23.732520, 1493669754
132, 23.732520, 1493669754
142, 24.836866, 1493669754
142, 24.836866, 1493669754
15, 15.256653, 1493669784
15, 15.256653, 1493669784
21, 17.376395, 1493669784
21, 17.376395, 1493669784
37, 18.280629, 1493669784
37, 18.280629, 1493669784
49, 18.661712, 1493669784
49, 18.661712, 1493669784
112, 19.468620, 1493669784
112, 19.468620, 1493669784
129, 23.348643, 1493669784
129, 23.348643, 1493669784
132, 23.975878, 1493669784
132, 23.975878, 1493669784
142, 24.823753, 1493669784
142, 24.823753, 1493669784
15, 15.460232, 1493669814
15, 15.460232, 1493669814
21, 17.559802, 1493669814
21, 17.559802, 1493669814
37, 18.480705, 1493669814
37, 18.480705, 1493669814
49, 18.451189, 1493669814
49, 18.451189, 1493669814
112, 19.678133, 1493669814
112, 19.678133, 1493669814
129, 23.557831, 1493669814
129, 23.557831, 1493669814
132, 23.981933, 1493669814
132, 23.981933, 1493669814
142, 24.910822, 1493669814
142, 24.910822, 1493669814
15, 15.358476, 1493669844
15, 15.358476, 1493669844
21, 17.342234, 1493669844
21, 17.342234, 1493669844
37, 18.528327, 1493669844
37, 18.528327, 1493669844
49, 18.327042, 1493669844
49, 18.327042, 1493669844
112, 19.573964, 1493669844
112, 19.573964, 1493669844
129, 23.510468, 1493669844
129, 23.510468, 1493669844
132, 24.009299, 1493669844
132, 24.009299, 1493669844
142, 25.027374, 1493669844
142, 25.027374, 1493669844
15, 15.398549, 1493669874
15, 15.398549, 1493669874
21, 17.462606, 1493669874
21, 17.462606, 1493669874
37, 18.773212, 1493669874
37, 18.773212, 1493669874
49, 18.245951, 1493669874
49, 18.245951, 1493669874
112, 19.520203, 1493669874
112, 19.520203, 1493669874
129, 23.619171, 1493669874
129, 23.619171, 1493669874
132, 24.225736, 1493669874
132, 24.225736, 1493669874
142, 25.197112, 1493669874
142, 25.197112, 1493669874
15, 15.224303, 1493669904
15, 15.224303, 1493669904
21, 17.214635, 1493669904
21, 17.214635, 1493669904
37, 18.678812, 1493669904
37, 18.678812, 1493669904
49, 18.094265, 1493669904
49, 18.094265, 1493669904
112, 19.581524, 1493669904
112, 19.581524, 1493669904
129, 23.548404, 1493669904
129, 23.548404, 1493669904
132, 24.334181, 1493669904
132, 24.334181, 1493669904
142, 25.223260, 1493669904
142, 25.223260, 1493669904
15, 15.350249, 1493669934
15, 15.350249, 1493669934
21, 17.099394, 1493669934
21, 17.099394, 1493669934
37, 18.477930, 1493669934
37, 18.477930, 1493669934
49, 18.037067, 1493669934
49, 18.037067, 1493669934
112, 19.431951, 1493669934
112, 19.431951, 1493669934
129, 23.445090, 1493669934
129, 23.445090, 1493669934
132, 24.210823, 1493669934
132, 24.210823, 1493669934
142, 25.125623, 1493669934
142, 25.125623, 1493669934
15, 15.435917, 1493669964
15, 15.435917, 1493669964
21, 16.988604, 1493669964
21, 16.988604, 1493669964
37, 18.597013, 1493669964
37, 18.597013, 1493669964
49, 17.845626, 1493669964
49, 17.845626, 1493669964
112, 19.235168, 1493669964
112, 19.235168, 1493669964
129, 23.674851, 1493669964
129, 23.674851, 1493669964
132, 24.417122, 1493669964
132, 24.417122, 1493669964
142, 24.908590, 1493669964
142, 24.908590, 1493669964
15, 15.560182, 1493669994
15, 15.560182, 1493669994
21, 16.851461, 1493669994
21, 16.851461, 1493669994
37, 18.700590, 1493669994
37, 18.700590, 1493669994
49, 17.863615, 1493669994
49, 17.863615, 1493669994
112, 19.182973, 1493669994
112, 19.182973, 1493669994
129, 23.461025, 1493669994
129, 23.461025, 1493669994
132, 24.360056, 1493669994
132, 24.360056, 1493669994
142, 25.061129, 1493669994
142, 25.061129, 1493669994
15, 15.520565, 1493670024
15, 15.520565, 1493670024
21, 16.825679, 1493670024
21, 16.825679, 1493670024
37, 18.511602, 1493670024
37, 18.511602, 1493670024
49, 17.680688, 1493670024
49, 17.680688, 1493670024
112, 19.272684, 1493670024
112, 19.272684, 1493670024
129, 23.225583, 1493670024
129, 23.225583, 1493670024
132, 24.528077, 1493670024
132, 24.528077, 1493670024
142, 25.000616, 1493670024
142, 25.000616, 1493670024
15, 15.333838, 1493670054
15, 15.333838, 1493670054
21, 16.712188, 1493670054
21, 16.712188, 1493670054
37, 18.334954, 1493670054
37, 18.334954, 1493670054
49, 17.674306, 1493670054
49, 17.674306, 1493670054
112, 19.113552, 1493670054
112, 19.113552, 1493670054
129, 23.411722, 1493670054
129, 23.411722, 1493670054
132, 24.702212, 1493670054
132, 24.702212, 1493670054
142, 24.987561, 1493670054
142, 24.987561, 1493670054
15, 15.494598, 1493670084
15, 15.494598, 1493670084
21, 16.483051, 1493670084
21, 16.483051, 1493670084
37, 18.278554, 1493670084
37, 18.278554, 1493670084
49, 17.622715, 1493670084
49, 17.622715, 1493670084
112, 19.029420, 1493670084
112, 19.029420, 1493670084
129, 23.517701, 1493670084
129, 23.517701, 1493670084
132, 24.910757, 1493670084
132, 24.910757, 1493670084
142, 24.873483, 1493670084
142, 24.873483, 1493670084
15, 15.360920, 1493670114
15, 15.360920, 1493670114
21, 16.254363, 1493670114
21, 16.254363, 1493670114
37, 18.356646, 1493670114
37, 18.356646, 1493670114
49, 17.849315, 1493670114
49, 17.849315, 1493670114
112, 18.923355, 1493670114
112, 18.923355, 1493670114
129, 23.381236, 1493670114
129, 23.381236, 1493670114
132, 24.740056, 1493670114
132, 24.740056, 1493670114
142, 24.915090, 1493670114
142, 24.915090, 1493670114
15, 15.483903, 1493670144
15, 15.483903, 1493670144
21, 16.030783, 1493670144
21, 16.030783, 1493670144
37, 18.302380, 1493670144
37, 18.302380, 1493670144
49, 18.096956, 1493670144
49, 18.096956, 1493670144
112, 18.742702, 1493670144
112, 18.742702, 1493670144
129, 23.313937, 1493670144
129, 23.313937, 1493670144
132, 24.511164, 1493670144
132, 24.511164, 1493670144
142, 24.810023, 1493670144
142, 24.810023, 1493670144
15, 15.484030, 1493670174
15, 15.484030, 1493670174
21, 16.016500, 1493670174
21, 16.016500, 1493670174
37, 18.338536, 1493670174
37, 18.338536, 1493670174
49, 18.315575, 1493670174
49, 18.315575, 1493670174
112, 18.883237, 1493670174
112, 18.883237, 1493670174
129, 23.386602, 1493670174
129, 23.386602, 1493670174
132, 24.360829, 1493670174
132, 24.360829, 1493670174
142, 24.598458, 1493670174
142, 24.598458, 1493670174
15, 15.404830, 1493670204
15, 15.404830, 1493670204
21, 16.049566, 1493670204
21, 16.049566, 1493670204
37, 18.185163, 1493670204
37, 18