15 15 1493669634
21 17 1493669634
37 18 1493669634
49 19 1493669634
112 20 1493669634
129 23 1493669634
132 24 1493669634
142 25 1493669634
15 15.1709 1493669664
21 17.0483 1493669664
37 17.8647 1493669664
49 18.9917 1493669664
112 19.9156 1493669664
129 23.1614 1493669664
132 23.7691 1493669664
142 25.0634 1493669664
15 15.1937 1493669694
21 17.194 1493669694
37 17.724 1493669694
49 18.7575 1493669694
112 20.0527 1493669694
129 23.3977 1493669694
132 23.6425 1493669694
142 25.1217 1493669694
15 15.1953 1493669724
21 17.2528 1493669724
37 17.9031 1493669724
49 18.8899 1493669724
112 19.8936 1493669724
129 23.3765 1493669724
132 23.6764 1493669724
142 24.952 1493669724
15 15.3268 1493669754
21 17.2111 1493669754
37 18.1188 1493669754
49 18.8903 1493669754
112 19.6905 1493669754
129 23.314 1493669754
132 23.7325 1493669754
142 24.8369 1493669754
15 15.2567 1493669784
21 17.3764 1493669784
37 18.2806 1493669784
49 18.6617 1493669784
112 19.4686 1493669784
129 23.3486 1493669784
132 23.9759 1493669784
142 24.8238 1493669784
15 15.4602 1493669814
21 17.5598 1493669814
37 18.4807 1493669814
49 18.4512 1493669814
112 19.6781 1493669814
129 23.5578 1493669814
132 23.9819 1493669814
142 24.9108 1493669814
15 15.3585 1493669844
21 17.3422 1493669844
37 18.5283 1493669844
49 18.327 1493669844
112 19.574 1493669844
129 23.5105 1493669844
132 24.0093 1493669844
142 25.0274 1493669844
15 15.3985 1493669874
21 17.4626 1493669874
37 18.7732 1493669874
49 18.246 1493669874
112 19.5202 1493669874
129 23.6192 1493669874
132 24.2257 1493669874
142 25.1971 1493669874
15 15.2243 1493669904
21 17.2146 1493669904
37 18.6788 1493669904
49 18.0943 1493669904
112 19.5815 1493669904
129 23.5484 1493669904
132 24.3342 1493669904
142 25.2233 1493669904
15 15.3502 1493669934
21 17.0994 1493669934
37 18.4779 1493669934
49 18.0371 1493669934
112 19.432 1493669934
129 23.4451 1493669934
132 24.2108 1493669934
142 25.1256 1493669934
15 15.4359 1493669964
21 16.9886 1493669964
37 18.597 1493669964
49 17.8456 1493669964
112 19.2352 1493669964
129 23.6749 1493669964
132 24.4171 1493669964
142 24.9086 1493669964
15 15.5602 1493669994
21 16.8515 1493669994
37 18.7006 1493669994
49 17.8636 1493669994
112 19.183 1493669994
129 23.461 1493669994
132 24.3601 1493669994
142 25.0611 1493669994
15 15.5206 1493670024
21 16.8257 1493670024
37 18.5116 1493670024
49 17.6807 1493670024
112 19.2727 1493670024
129 23.2256 1493670024
132 24.5281 1493670024
142 25.0006 1493670024
15 15.3338 1493670054
21 16.7122 1493670054
37 18.335 1493670054
49 17.6743 1493670054
112 19.1136 1493670054
129 23.4117 1493670054
132 24.7022 1493670054
142 24.9876 1493670054
15 15.4946 1493670084
21 16.4831 1493670084
37 18.2786 1493670084
49 17.6227 1493670084
112 19.0294 1493670084
129 23.5177 1493670084
132 24.9108 1493670084
142 24.8735 1493670084
15 15.3609 1493670114
21 16.2544 1493670114
37 18.3566 1493670114
49 17.8493 1493670114
112 18.9234 1493670114
129 23.3812 1493670114
132 24.7401 1493670114
142 24.9151 1493670114
15 15.4839 1493670144
21 16.0308 1493670144
37 18.3024 1493670144
49 18.097 1493670144
112 18.7427 1493670144
129 23.3139 1493670144
132 24.5112 1493670144
142 24.81 1493670144
15 15.484 1493670174
21 16.0165 1493670174
37 18.3385 1493670174
49 18.3156 1493670174
112 18.8832 1493670174
129 23.3866 1493670174
132 24.3608 1493670174
142 24.5985 1493670174
15 15.4048 1493670204
21 16.0496 1493670204
37 18.1852 1493670204
49 18.5437 1493670204
112 18.9518 1493670204
129 23.3992 1493670204
132 24.5033 1493670204
142 24.6464 1493670204
15 15.5466 1493670234
21 15.8932 1493670234
37 18.0488 1493670234
49 18.3391 1493670234
112 18.9216 1493670234
129 23.2249 1493670234
132 24.4755 1493670234
142 24.5964 1493670234
15 15.3026 1493670264
21 15.8491 1493670264
37 18.0681 1493670264
49 18.5327 1493670264
112 18.8144 1493670264
129 23.1856 1493670264
132 24.5585 1493670264
142 24.4541 1493670264
15 15.1922 1493670294
21 16.0869 1493670294
37 18.0124 1493670294
49 18.7067 1493670294
112 18.5876 1493670294
129 23.2887 1493670294
132 24.4052 1493670294
142 24.3935 1493670294
15 15.3075 1493670324
21 15.8449 1493670324
37 17.7744 1493670324
49 18.5002 1493670324
112 18.8351 1493670324
129 23.4216 1493670324
132 24.2603 1493670324
142 24.4194 1493670324
15 15.4765 1493670354
21 15.9025 1493670354
37 17.6861 1493670354
49 18.3887 1493670354
112 18.6942 1493670354
129 23.3498 1493670354
132 24.1151 1493670354
142 24.2467 1493670354
15 15.2824 1493670384
21 16.079 1493670384
37 17.7585 1493670384
49 18.2319 1493670384
112 18.9294 1493670384
129 23.4931 1493670384
132 24.2775 1493670384
142 24.1482 1493670384
15 15.39 1493670414
21 16.1355 1493670414
37 17.9167 1493670414
49 18.4028 1493670414
112 18.995 1493670414
129 23.3464 1493670414
132 24.2283 1493670414
142 24.1115 1493670414
15 15.598 1493670444
21 15.9671 1493670444
37 18.0072 1493670444
49 18.4723 1493670444
112 18.9199 1493670444
129 23.4605 1493670444
132 24.3595 1493670444
142 23.9393 1493670444
15 15.3793 1493670474
21 16.0327 1493670474
37 18.122 1493670474
49 18.478 1493670474
112 19.0491 1493670474
129 23.495 1493670474
132 24.3342 1493670474
142 23.9424 1493670474
15 15.5871 1493670504
21 16.2039 1493670504
37 17.9393 1493670504
49 18.5404 1493670504
112 18.9897 1493670504
129 23.392 1493670504
132 24.4306 1493670504
142 24.136 1493670504
15 15.6923 1493670534
21 16.2699 1493670534
37 18.1534 1493670534
49 18.7469 1493670534
112 18.9799 1493670534
129 23.5805 1493670534
132 24.4379 1493670534
142 24.3541 1493670534
15 15.5899 1493670564
21 16.3544 1493670564
37 17.987 1493670564
49 18.5903 1493670564
112 18.7907 1493670564
129 23.7057 1493670564
132 24.5131 1493670564
142 24.4824 1493670564
15 15.3612 1493670594
21 16.1212 1493670594
37 18.0673 1493670594
49 18.574 1493670594
112 18.6338 1493670594
129 23.5678 1493670594
132 24.4787 1493670594
142 24.5738 1493670594
15 15.1177 1493670624
21 16.0063 1493670624
37 17.9447 1493670624
49 18.6555 1493670624
112 18.8347 1493670624
129 23.6518 1493670624
132 24.4187 1493670624
142 24.4777 1493670624
15 14.8749 1493670654
21 15.9606 1493670654
37 18.0553 1493670654
49 18.7547 1493670654
112 18.6955 1493670654
129 23.7086 1493670654
132 24.1792 1493670654
142 24.3016 1493670654
15 15.0246 1493670684
21 15.9593 1493670684
37 17.8082 1493670684
49 18.8714 1493670684
112 18.4655 1493670684
129 23.7188 1493670684
132 24.1021 1493670684
142 24.5359 1493670684
15 15.0815 1493670714
21 15.9643 1493670714
37 18.0485 1493670714
49 18.7004 1493670714
112 18.6174 1493670714
129 23.6052 1493670714
132 24.0661 1493670714
142 24.5421 1493670714
15 15.1916 1493670744
21 15.771 1493670744
37 18.2274 1493670744
49 18.7738 1493670744
112 18.6412 1493670744
129 23.6626 1493670744
132 24.2804 1493670744
142 24.3297 1493670744
15 15.1002 1493670774
21 15.8511 1493670774
37 18.0339 1493670774
49 18.8537 1493670774
112 18.7733 1493670774
129 23.7284 1493670774
132 24.3395 1493670774
142 24.1589 1493670774
15 15.0878 1493670804
21 16.0785 1493670804
37 17.8382 1493670804
49 18.8262 1493670804
112 18.9283 1493670804
129 23.5162 1493670804
132 24.3768 1493670804
142 24.0063 1493670804
15 15.008 1493670834
21 16.2232 1493670834
37 17.8896 1493670834
49 18.9558 1493670834
112 19.0427 1493670834
129 23.6687 1493670834
132 24.3449 1493670834
142 23.8457 1493670834
15 15.1893 1493670864
21 16.4633 1493670864
37 18.1307 1493670864
49 18.8305 1493670864
112 19.036 1493670864
129 23.846 1493670864
132 24.5557 1493670864
142 24.0375 1493670864
15 15.3075 1493670894
21 16.5424 1493670894
37 18.0636 1493670894
49 18.9182 1493670894
112 19.0892 1493670894
129 23.9392 1493670894
132 24.7385 1493670894
142 23.8998 1493670894
15 15.1 1493670924
21 16.7228 1493670924
37 18.1623 1493670924
49 19.1314 1493670924
112 18.895 1493670924
129 24.1847 1493670924
132 24.5722 1493670924
142 23.7761 1493670924
15 15.169 1493670954
21 16.4963 1493670954
37 18.1931 1493670954
49 18.9284 1493670954
112 18.8906 1493670954
129 24.4307 1493670954
132 24.5156 1493670954
142 23.6249 1493670954
15 15.3287 1493670984
21 16.2613 1493670984
37 18.3111 1493670984
49 19.0284 1493670984
112 18.7111 1493670984
129 24.4772 1493670984
132 24.3667 1493670984
142 23.8609 1493670984
15 15.1786 1493671014
21 16.4867 1493671014
37 18.2783 1493671014
49 19.0494 1493671014
112 18.6348 1493671014
129 24.6567 1493671014
132 24.4046 1493671014
142 23.88 1493671014
15 15.0434 1493671044
21 16.4093 1493671044
37 18.4155 1493671044
49 19.0625 1493671044
112 18.5992 1493671044
129 24.5377 1493671044
132 24.292 1493671044
142 23.9283 1493671044
15 14.8124 1493671074
21 16.1908 1493671074
37 18.2964 1493671074
49 18.9515 1493671074
112 18.3929 1493671074
129 24.7089 1493671074
132 24.2127 1493671074
142 23.7363 1493671074
15 14.7352 1493671104
21 16.3286 1493671104
37 18.537 1493671104
49 18.8492 1493671104
112 18.3288 1493671104
129 24.9274 1493671104
132 24.0677 1493671104
142 23.6528 1493671104
15 14.5952 1493671134
21 16.1204 1493671134
37 18.6578 1493671134
49 19.0427 1493671134
112 18.5325 1493671134
129 24.8819 1493671134
132 24.0384 1493671134
142 23.8903 1493671134
15 14.589 1493671164
21 16.259 1493671164
37 18.7293 1493671164
49 18.8831 1493671164
112 18.3894 1493671164
129 24.8197 1493671164
132 24.0125 1493671164
142 23.9594 1493671164
15 14.3895 1493671194
21 16.327 1493671194
37 18.6815 1493671194
49 18.6449 1493671194
112 18.6354 1493671194
129 24.7079 1493671194
132 23.8509 1493671194
142 23.9275 1493671194
15 14.4682 1493671224
21 16.2077 1493671224
37 18.5903 1493671224
49 18.744 1493671224
112 18.5073 1493671224
129 24.8327 1493671224
132 23.8151 1493671224
142 23.8115 1493671224
15 14.5014 1493671254
21 16.3722 1493671254
37 18.779 1493671254
49 18.9894 1493671254
112 18.735 1493671254
129 24.6797 1493671254
132 23.7666 1493671254
142 23.7194 1493671254
15 14.2893 1493671284
21 16.2826 1493671284
37 19.0196 1493671284
49 18.8858 1493671284
112 18.9249 1493671284
129 24.4671 1493671284
132 23.5564 1493671284
142 23.8009 1493671284
15 14.2746 1493671314
21 16.4071 1493671314
37 18.8129 1493671314
49 18.6878 1493671314
112 18.9877 1493671314
129 24.2245 1493671314
132 23.436 1493671314
142 23.6801 1493671314
15 14.1698 1493671344
21 16.218 1493671344
37 18.9969 1493671344
49 18.6981 1493671344
112 19.1747 1493671344
129 24.1984 1493671344
132 23.4088 1493671344
142 23.8263 1493671344
15 14.0852 1493671374
21 16.1761 1493671374
37 19.1099 1493671374
49 18.4578 1493671374
112 18.9462 1493671374
129 24.0258 1493671374
132 23.2858 1493671374
142 23.7967 1493671374
15 14.0997 1493671404
21 16.2364 1493671404
37 19.3423 1493671404
49 18.279 1493671404
112 18.7608 1493671404
129 23.9329 1493671404
132 23.3897 1493671404
142 23.9694 1493671404
15 14.1368 1493671434
21 16.4819 1493671434
37 19.3815 1493671434
49 18.2692 1493671434
112 18.9006 1493671434
129 24.0763 1493671434
132 23.4429 1493671434
142 23.7949 1493671434
15 14.0001 1493671464
21 16.2417 1493671464
37 19.314 1493671464
49 18.365 1493671464
112 19.082 1493671464
129 23.9463 1493671464
132 23.2576 1493671464
142 23.738 1493671464
15 14.1933 1493671494
21 16.125 1493671494
37 19.3228 1493671494
49 18.198 1493671494
112 19.305 1493671494
129 23.8805 1493671494
132 23.4997 1493671494
142 23.9858 1493671494
15 14.3928 1493671524
21 15.933 1493671524
37 19.5431 1493671524
49 18.117 1493671524
112 19.1104 1493671524
129 24.0838 1493671524
132 23.5935 1493671524
142 24.1672 1493671524
15 14.3765 1493671554
21 16.0483 1493671554
37 19.4308 1493671554
49 18.1594 1493671554
112 19.1098 1493671554
129 24.0092 1493671554
132 23.3616 1493671554
142 24.2867 1493671554
15 14.5219 1493671584
21 16.2788 1493671584
37 19.1993 1493671584
49 17.9647 1493671584
112 19.262 1493671584
129 23.9128 1493671584
132 23.3191 1493671584
142 24.3331 1493671584
15 14.3929 1493671614
21 16.3954 1493671614
37 19.1022 1493671614
49 17.8175 1493671614
112 19.3678 1493671614
129 23.7454 1493671614
132 23.2497 1493671614
142 24.0983 1493671614
15 14.6293 1493671644
21 16.3872 1493671644
37 18.928 1493671644
49 17.9661 1493671644
112 19.5736 1493671644
129 23.676 1493671644
132 23.3599 1493671644
142 24.1507 1493671644
15 14.5414 1493671674
21 16.4099 1493671674
37 18.8411 1493671674
49 17.8496 1493671674
112 19.7842 1493671674
129 23.8437 1493671674
132 23.5134 1493671674
142 24.1599 1493671674
15 14.6992 1493671704
21 16.6558 1493671704
37 18.9895 1493671704
49 17.6428 1493671704
112 19.7251 1493671704
129 23.8056 1493671704
132 23.3662 1493671704
142 24.3934 1493671704
15 14.5954 1493671734
21 16.5774 1493671734
37 18.9251 1493671734
49 17.8709 1493671734
112 19.9326 1493671734
129 23.963 1493671734
132 23.2413 1493671734
142 24.1996 1493671734
15 14.3513 1493671764
21 16.6828 1493671764
37 18.6816 1493671764
49 18.0047 1493671764
112 20.1219 1493671764
129 23.9192 1493671764
132 23.3667 1493671764
142 24.1902 1493671764
15 14.1358 1493671794
21 16.6346 1493671794
37 18.6499 1493671794
49 18.2043 1493671794
112 20.1584 1493671794
129 24.1161 1493671794
132 23.2378 1493671794
142 24.1356 1493671794
15 14.1749 1493671824
21 16.7695 1493671824
37 18.5146 1493671824
49 17.9843 1493671824
112 20.18 1493671824
129 24.1261 1493671824
132 23.4313 1493671824
142 24.3199 1493671824
15 14.155 1493671854
21 16.5421 1493671854
37 18.2899 1493671854
49 17.8107 1493671854
112 20.2408 1493671854
129 24.0145 1493671854
132 23.268 1493671854
142 24.2749 1493671854
15 14.1592 1493671884
21 16.4396 1493671884
37 18.2588 1493671884
49 17.7503 1493671884
112 20.1275 1493671884
129 24.1357 1493671884
132 23.3799 1493671884
142 24.4397 1493671884
15 14.237 1493671914
21 16.2403 1493671914
37 18.1835 1493671914
49 17.5713 1493671914
112 20.1892 1493671914
129 23.9736 1493671914
132 23.5533 1493671914
142 24.4007 1493671914
15 13.9892 1493671944
21 16.2501 1493671944
37 18.3738 1493671944
49 17.3786 1493671944
112 20.069 1493671944
129 24.0672 1493671944
132 23.7808 1493671944
142 24.4531 1493671944
15 13.8568 1493671974
21 16.4798 1493671974
37 18.3702 1493671974
49 17.2439 1493671974
112 20.0963 1493671974
129 24.0764 1493671974
132 23.8334 1493671974
142 24.3277 1493671974
15 13.8388 1493672004
21 16.2672 1493672004
37 18.4772 1493672004
49 17.1103 1493672004
112 20.2266 1493672004
129 24.0226 1493672004
132 23.9372 1493672004
142 24.5361 1493672004
15 13.8341 1493672034
21 16.243 1493672034
37 18.477 1493672034
49 17.2954 1493672034
112 20.2734 1493672034
129 24.081 1493672034
132 23.8918 1493672034
142 24.4479 1493672034
15 13.9061 1493672064
21 16.4247 1493672064
37 18.4016 1493672064
49 17.4297 1493672064
112 20.2062 1493672064
129 23.892 1493672064
132 23.7703 1493672064
142 24.408 1493672064
15 13.709 1493672094
21 16.241 1493672094
37 18.5703 1493672094
49 17.4385 1493672094
112 20.4432 1493672094
129 24.0913 1493672094
132 23.774 1493672094
142 24.4802 1493672094
15 13.8016 1493672124
21 16.085 1493672124
37 18.537 1493672124
49 17.4516 1493672124
112 20.305 1493672124
129 24.0244 1493672124
132 23.9627 1493672124
142 24.2507 1493672124
15 13.8016 1493672154
21 16.1997 1493672154
37 18.4597 1493672154
49 17.5812 1493672154
112 20.0677 1493672154
129 23.7955 1493672154
132 24.0099 1493672154
142 24.0787 1493672154
15 14.0084 1493672184
21 15.9654 1493672184
37 18.5471 1493672184
49 17.6085 1493672184
112 20.3084 1493672184
129 23.8027 1493672184
132 23.9323 1493672184
142 24.2453 1493672184
15 13.9516 1493672214
21 16.114 1493672214
37 18.4592 1493672214
49 17.5283 1493672214
112 20.4372 1493672214
129 23.6122 1493672214
132 23.9837 1493672214
142 24.1459 1493672214
15 14.0023 1493672244
21 16.1939 1493672244
37 18.6935 1493672244
49 17.3839 1493672244
112 20.3965 1493672244
129 23.8254 1493672244
132 24.1662 1493672244
142 24.011 1493672244
15 13.9227 1493672274
21 16.3786 1493672274
37 18.8814 1493672274
49 17.1488 1493672274
112 20.4488 1493672274
129 23.8696 1493672274
132 24.177 1493672274
142 24.1385 1493672274
15 13.7283 1493672304
21 16.6047 1493672304
37 18.8974 1493672304
49 17.3411 1493672304
112 20.2074 1493672304
129 23.8072 1493672304
132 24.1488 1493672304
142 24.2997 1493672304
15 13.698 1493672334
21 16.6711 1493672334
37 19.059 1493672334
49 17.3572 1493672334
112 20.0539 1493672334
129 23.6775 1493672334
132 24.3419 1493672334
142 24.3449 1493672334
15 13.4973 1493672364
21 16.4807 1493672364
37 18.8111 1493672364
49 17.4517 1493672364
112 20.2814 1493672364
129 23.4675 1493672364
132 24.5767 1493672364
142 24.1141 1493672364
15 13.3764 1493672394
21 16.6895 1493672394
37 18.9576 1493672394
49 17.6298 1493672394
112 20.1531 1493672394
129 23.4378 1493672394
132 24.7437 1493672394
142 24.0545 1493672394
15 13.476 1493672424
21 16.7999 1493672424
37 19.068 1493672424
49 17.7293 1493672424
112 20.0326 1493672424
129 23.5914 1493672424
132 24.7594 1493672424
142 23.9839 1493672424
15 13.6216 1493672454
21 16.8166 1493672454
37 18.9649 1493672454
49 17.9123 1493672454
112 20.2699 1493672454
129 23.4742 1493672454
132 24.9462 1493672454
142 24.2319 1493672454
15 13.8099 1493672484
21 16.6385 1493672484
37 19.0228 1493672484
49 17.9322 1493672484
112 20.0755 1493672484
129 23.603 1493672484
132 25.0627 1493672484
142 24.4523 1493672484
15 13.6025 1493672514
21 16.5076 1493672514
37 19.2081 1493672514
49 18.1478 1493672514
112 20.1344 1493672514
129 23.5463 1493672514
132 25.1898 1493672514
142 24.2468 1493672514
15 13.5309 1493672544
21 16.7309 1493672544
37 19.1887 1493672544
49 18.0982 1493672544
112 20.1535 1493672544
129 23.4039 1493672544
132 24.9567 1493672544
142 24.3897 1493672544
15 13.6019 1493672574
21 16.6693 1493672574
37 19.2731 1493672574
49 18.2882 1493672574
112 20.3575 1493672574
129 23.5488 1493672574
132 24.7523 1493672574
142 24.4079 1493672574
15 13.7635 1493672604
21 16.7871 1493672604
37 19.2239 1493672604
49 18.4317 1493672604
112 20.5984 1493672604
129 23.3893 1493672604
132 24.6908 1493672604
142 24.5699 1493672604
